335241
442225
400689
815409
40000
4624
137641
45369
855625
195364
4761
5329
781456
53361
57121
139129
374544
36481
1296
219024
627264
454276
38025
481636
641601
443556
14161
27889
294849
21316
313600
342225
221841
935089
273529
152100
391876
429025
396900
293764
586756
360000
889249
72900
820836
92416
765625
859329
708964
42025
944784
811801
876096
1024
91204
260100
145161
110889
731025
145924
98596
305809
4356
200704
24964
466489
338724
383161
448900
73441
312481
770884
148225
87616
423801
769129
490000
968256
440896
485809
2601
861184
833569
669124
59536
319225
42436
152881
717409
970225
331776
271441
1936
508369
669124
80656
144400
404496
774400
505521
